"x"
10.6889167872233
9.26822124015906
1.77016503441194
0.006613467708701
2.22105276265301
0.00826347502193059
2.60792343180629
0.00980187722834868
2.93205059329122
0.0112297061106415
3.2567797868142
0.0124766746694038
3.56212573284661
0.0136662392704679
3.78233447467785
0.0145917749203302
3.9756500928975
0.0153517455225949
4.1223022634992
0.0160209548314733
4.26855972468991
0.0166010025178431
4.43300702495016
0.0172833628561607
4.6125392723283
0.0180429920759002
65.7719786897352
37.8707097206903
37.8707097206903
48.2070011632456
2.48856860311631
1.0887167037622
0.0558157189537941
1.85091886342757
1.13486222604207
0.0556343452754851
1.98350440016972
0.951037267601999
0.0556269439914397
1.83662540870758
0.982873847585155
0.0556302944671371
1.77273694864027
0.906884798399172
0.0563806601181255
1.69117970409935
0.930941825519344
0.0552686490911868
1.64307400066011
0.960676654906209
0.0554888098936824
1.64603534578256
0.915260411048846
0.0555979892081938
1.62763728538258
0.95558201418559
0.0557330242666323
1.69310083492939
0.933756947545277
0.0562972531446293
1.72755657312389
1.00909289576413
0.0559187888577535
1.93227651317453
1.28340248933086
0.0554184969092807
1.65434974462496
1.2983283940536
1.31005853900064
1.53246213260602
1.28614863331921
1.44288937767531
1.45146659699545
1.45526045587169
1.39057865571698
1.32128519268867
2.16153806787049
1.5246501296979
1.48730327650423
1.90638065632721
1.52796598175028
1.75624570104558
1.75983532503832
1.7856656351978
1.67400573455193
1.49316470556303
2.55354262295963
1.74103366384003
1.69699976759746
2.31322873189641
1.73092153955161
2.09102870084396
2.11227393668913
2.13203907868331
1.92875417316886
1.65342759343214
2.89287676531071
1.90255488951735
1.84736797433563
2.64119332099927
1.89438914124076
2.34762841065023
2.36915804861789
2.40667638413919
2.13468195550923
1.78831393858125
3.21253623511206
2.06817351226022
2.00134021730992
2.92260199045154
2.06381843484689
2.58173707832132
2.58740825389506
2.64180972489906
2.34526825584732
1.93714430658952
3.52596641954753
2.22152731561593
2.16773067674329
3.17391391564792
2.20835506731699
2.80212861207132
2.82236284386301
2.86504171382625
2.52395534794975
2.09430193515738
3.73164311432209
2.34826449931093
2.28637993848872
3.39411308141104
2.32447611599835
2.98279053032081
3.016254282341
3.06703107042316
2.68557835205856
2.21448215194073
3.91950523107457
2.45250958035881
2.38941670542479
3.57217682080803
2.44084223623888
3.12649989913778
3.16974781868428
3.21804530878586
2.80491808025009
2.31459265827637
4.07918831459752
2.54021300910667
2.46737319946959
3.73557307221072
2.54028668406692
3.27688768008883
3.30897440992296
3.36145597716812
2.90493708846253
2.39197016258225
4.23638790406291
2.64671150356333
2.54551166168751
3.87539685773825
2.62597709255873
3.42061751950745
3.44666306234327
3.5038984262022
3.00319605347437
2.47699662544513
4.38457732654237
2.73806889636903
2.63944388917848
4.0459235767338
2.7188001657297
3.56192450379597
3.58571359387727
3.6508976590832
3.13052564607447
2.57657082117167
4.57151093068671
2.89822672370192
2.79075465955257
4.23716132097462
2.87505402194917
3.73505601977465
3.75217894355347
3.81679748134532
3.26753976139909
2.7023548761718
