"x"
0.100498634126095
0.0735498212461522
0.0694062512137922
0.000254202627381056
0.108270852465631
0.000393537672273907
0.14791547783673
0.000528627964475517
0.185793405357221
0.000669285651914087
0.215341669396629
0.000777882690907134
0.239119270607191
0.000867835297891502
0.258923125021471
0.000934023730188982
0.275235120865348
0.00100186521390664
0.291862465157263
0.00106557022093051
0.306891499497742
0.00112247305581136
0.313465973321793
0.00114802198215892
0.322557615607973
0.00117335440845377
0.643714638529909
0.357668565793683
0.357668565793683
0.408348708961625
0.0416073688045943
0.013990127055869
0.00114685565401041
0.0239629896444416
0.0131868515199832
0.000945912651209912
0.0280534644541015
0.0103283031281226
0.00101853851140114
0.0259780172157017
0.0103661069130917
0.000967290900663734
0.0205377496020412
0.00984829305821176
0.00100538528870637
0.0214622510038468
0.0096313314516554
0.000964372009278267
0.0227611055701365
0.0100279368215749
0.00102201681029573
0.0173091105497774
0.009343149537221
0.000950940846977166
0.021357767414751
0.0101293766077538
0.000896375532991655
0.0207445711010145
0.00973374150303675
0.000956106676481745
0.0192392940797675
0.0116506658458039
0.000971850626517023
0.0241358344651728
0.0146266947705422
0.000913968938582715
0.0675719173585877
0.0431531104633235
0.0434566586624769
0.059455528359748
0.0433854422811858
0.0533956559474887
0.0537137919591755
0.054214519983195
0.050238159527958
0.0394580538691852
0.106678027918766
0.0678506006566975
0.0651034136554565
0.0922582238185744
0.0664721861849801
0.081886049139253
0.081852400551699
0.082963007692973
0.077732612892609
0.0616120939454417
0.147930268065672
0.0937103639755091
0.0916828244377864
0.12474691346457
0.0917932672692348
0.110624279732773
0.110371000844923
0.112057684812172
0.107086944549726
0.0869110339699593
0.183131447201133
0.113601554143355
0.109658650458001
0.151698307041661
0.111845279950108
0.134458819157825
0.134846327885337
0.137372250812214
0.132017581682727
0.104016809113184
0.211844924177196
0.132707334287919
0.125139500940156
0.177204488004821
0.130856834204766
0.156881953872803
0.157082138323676
0.160221110718854
0.152919038558078
0.120612727187042
0.237556050617876
0.147497707220239
0.140672558576191
0.198919835963361
0.145741757516904
0.176579714234904
0.17726025050528
0.181177838137159
0.170082681279459
0.135823180351813
0.256597586673406
0.159987158232971
0.153142960684831
0.216391374426525
0.158569241132387
0.189514435789501
0.192628650519719
0.195510035820741
0.184992993981011
0.148443264487752
0.27216560836368
0.170822350254104
0.163556287323924
0.233159470464571
0.168750312139758
0.203709493960871
0.207346198020566
0.209110280466112
0.19568057238495
0.15781205194096
0.28831294863036
0.179699615032018
0.171785057950492
0.245596173889751
0.177574049749026
0.215237724491134
0.217119772692975
0.221163334176701
0.206405937499631
0.16525733373358
0.30378904431243
0.187084095990235
0.178859796168241
0.256591133613426
0.186133230756923
0.223348134606318
0.224660655247923
0.230683027041673
0.216138304470544
0.170472563528301
0.311431371986104
0.189835075910711
0.183267853238499
0.262278098649815
0.189844176093004
0.229239247130611
0.230952181693656
0.237031442937604
0.22201672736773
0.175863702189827
0.318799626803032
0.193688490146612
0.18656519214373
0.266098780672246
0.194084614949339
0.231140197520364
0.235276785773453
0.239812085103947
0.227844657520459
0.179209498219235
