"x"
0.110752694966518
0.0750804555630785
0.0824325239918105
0.000301699606533726
0.12822362392621
0.000478182761247323
0.172033388488732
0.000653892987426611
0.208743699772526
0.000811842199898094
0.24195679967115
0.000935521801988358
0.27241268528225
0.00105406203324771
0.293901184998578
0.00114325314553359
0.313796006727139
0.00122139140901142
0.326767006172161
0.00127908274701653
0.338758303747258
0.00132567237616185
0.349209818789109
0.0013691332460558
0.355022635623602
0.00139582321206185
0.542582382957021
0.272890589964909
0.272890589964909
0.404029456138646
0.053556024429512
0.0129308919860212
0.00131293532044611
0.0283473054866746
0.0137623972612433
0.0010370633318618
0.0336334313285351
0.0108653167355437
0.00108178283448242
0.0273314881415256
0.0110771270606426
0.000913628905832659
0.0272740016234237
0.00998265005763499
0.00097125164272347
0.0190762236062224
0.0101031131975164
0.000909176125300809
0.0211793116278024
0.0103901257811987
0.000927090872336547
0.0206887127879542
0.00947520427856961
0.000908583250818578
0.0208984035282389
0.0110832880918458
0.00106516324535232
0.0207560639622501
0.00948554260560838
0.00100384772801496
0.0199581746576053
0.0118825125780077
0.000955674727625221
0.0236228830852063
0.0147813426786768
0.00102814525792147
0.0780195160876992
0.0540570483674757
0.0546468395956177
0.0737780978522933
0.0540386930900216
0.0668244154386274
0.0661489049440362
0.0684876665969135
0.0585399250624432
0.0540294395234049
0.127597335678651
0.0797561620364369
0.0774486697841121
0.113542864690408
0.0797623894769443
0.101631262939814
0.10141124208024
0.104538102767632
0.0900771318674954
0.0766290396681931
0.170456471143435
0.106366568535439
0.102830894300184
0.156190403076494
0.105549708178969
0.138245986023253
0.140185378637325
0.142754407090806
0.120884298373408
0.0986703877809534
0.207704997013307
0.126107175353321
0.121162101626614
0.192508209215634
0.12522770276668
0.167620602265667
0.168893812621521
0.173091643134028
0.144906341456351
0.116173863501395
0.240638298919201
0.145930220516654
0.140531973736428
0.222467931873442
0.145305487919879
0.193130675647822
0.193424661017671
0.198329005413286
0.168664210521536
0.134664172729966
0.270963607165872
0.163073693779266
0.158123600326097
0.247785126320114
0.161235473598745
0.215626393559819
0.217315492703157
0.221303369910844
0.188410180804412
0.152671209998716
0.291969590222796
0.175052768221598
0.170582975289575
0.268651434932263
0.17284358167699
0.23246159406891
0.235732665048473
0.240625542955807
0.203516128466159
0.164051785434063
0.310200650785196
0.185819130832036
0.180578906798934
0.285843506671127
0.185088041202239
0.247453656954025
0.251250840863101
0.255505991465222
0.216519079507501
0.174742447206575
0.325278171050807
0.193897419566544
0.188566831112166
0.299932702343211
0.194520422777027
0.260908618943358
0.263140988087486
0.268131232995636
0.225308727552181
0.182118342880307
0.338224252392215
0.203157153571263
0.195049256369797
0.311251491663665
0.201672401137943
0.273189470876526
0.275133610228843
0.279327317767741
0.233590976471157
0.189672551571948
0.346453390839101
0.208376220354112
0.199368566058902
0.321648240997138
0.206513372030091
0.281133855750296
0.282324646957184
0.288150085936066
0.241093826685574
0.194703012778289
0.351831906754174
0.212159327048883
0.201994162940023
0.327077351489058
0.210050351567599
0.285655334076637
0.286329443854043
0.292536595956759
0.243339610573459
0.195491604548216
