"x"
10.681082350112
9.21781318853142
1.70281436478656
0.00645751688830787
2.09876180697805
0.00790795649048438
2.43217942040871
0.00891701177688308
2.76872363495245
0.0101526958141862
3.02357339393056
0.0110636917057415
3.23050694386523
0.0118700146822529
3.44884679311554
0.0126259797377995
3.60861315748219
0.0133057027449179
3.78503316430522
0.0139961705650107
3.96127734849664
0.014618218630536
4.08747390311573
0.0151367347387262
4.32237924726898
0.0159634578158757
63.8298808516572
37.4024768242905
37.4024768242905
47.8160927571669
2.37706959596141
1.08065559468673
0.0567766318797791
1.77629816712745
1.12671462100144
0.0558757512081642
1.91213726277585
0.95668667574559
0.056739681060228
1.83342262684743
0.927571524619069
0.0558937350109365
1.77092626641166
0.933089296221846
0.0561365164400365
1.65529566186493
0.987404231864295
0.0556337970046517
1.69025625586585
0.96006672341384
0.0560310135675667
1.64982564954957
0.902980213488918
0.0548641290104036
1.66608168121977
0.935123215500936
0.0550511268542942
1.61350376867159
0.937092412676711
0.0561571435757023
1.64979802789735
1.02893575746353
0.0552261452039591
1.99785604675106
1.30466477721211
0.0557057795979707
1.59611999501508
1.24077020465389
1.23366069433485
1.46501083279506
1.22542152965278
1.3816044542126
1.39417817832892
1.38723860448809
1.33347686691544
1.24392034694753
2.02122279648953
1.44470163958799
1.41549901537941
1.7934109166891
1.42730168757496
1.65703138083876
1.65540354174515
1.6621375864361
1.57839223372696
1.39359665699102
2.39985834890257
1.63208155307571
1.5873476797743
2.03894406261756
1.61088782248676
1.84444232203855
1.85125147934564
1.87477075458073
1.81723102494088
1.54103987331152
2.71101615749703
1.79212073407619
1.74621983835603
2.2695468742355
1.78715323335715
2.04222922490395
2.05651308829825
2.08745786924016
2.02673663110657
1.6729511873019
2.9577389807863
1.95183299117933
1.87292151065104
2.49562853717598
1.9431047661543
2.24382222443459
2.25383169890189
2.28158557200554
2.20859972387088
1.81039705091154
3.18725237171201
2.07147460007686
1.99952223582653
2.70625219393641
2.05539386463154
2.43097595487674
2.43749454037142
2.47428601152857
2.35037866689371
1.92656961527058
3.38170222905934
2.19669338393369
2.11597728101984
2.88298261269254
2.17812821166421
2.55839641135798
2.5903387377901
2.6215357610913
2.50156912804085
2.05256561766062
3.54277651367471
2.30441918093866
2.21181345135527
3.04826045760723
2.27501118577113
2.6959252198242
2.73342290567777
2.76243556850498
2.60112455514432
2.14240068188848
3.72201284928576
2.39237152845984
2.30592676128965
3.1968179562992
2.3753725505342
2.82391418727828
2.85680250165923
2.89462593530909
2.71933293287475
2.22133374315313
3.90687880736359
2.4940596753925
2.38978210679254
3.33584290206008
2.47547096949757
2.93086202375915
2.948959904602
3.01553813920599
2.83313733061734
2.2957857174387
4.05233661329144
2.56693438456578
2.48455025848755
3.46519360696296
2.55640749766671
3.05789062080779
3.07300992613282
3.13871440353974
2.94161518822701
2.3926778566229
4.28173887075811
2.73945398947787
2.64589483354934
3.65691310642718
2.73149374350582
3.22657105884927
3.25633269081129
3.31864929761399
3.13898715466483
2.54969615848992
