"x"
-6.31814610320138
-0.0470319707359785
-7.14046545681097
-0.0160887584995678
-5.92667606144198
-0.012293382350268
1.74928460094823
-0.010074421044806
5.6615988716583
-0.00876987920033186
10.8068218698353
-0.00582897422362531
16.0907664749726
-0.00512938638243722
18.2953704010287
-0.00506168236377065
18.3316055679058
-0.00556118767381993
13.7259021704938
-0.00620466112050594
8.06015328605297
-0.00658000936760552
3.71154666792681
-0.0091355534499953
-5.20393838332104
-0.0160218604338526
130.048958802229
-0.0299995316828392
-0.0299995316828392
98.3391876864383
4.31771338376572
1.85801916495603
0.0787205014531343
3.17476408299213
1.94218436573958
0.0930171733811416
3.41129231194562
1.67589123225543
0.0912620071949621
3.18268009139567
1.67738205319726
0.091363967451294
3.19025386124816
1.66574913393235
0.0908161470125218
3.00457481734287
1.64618983742248
0.0921391279785233
3.05915149130266
1.67674270269498
0.0923455024719693
3.00142383255249
1.64197833797894
0.0914682407297862
3.04652025514928
1.65111040279707
0.0913391403381513
3.00140053965565
1.66216347528566
0.0935806957514122
3.049142437845
1.7494013743368
0.0922438785738567
3.42299014310999
2.06750039272561
0.0923743498489713
0.822913026103543
-1.09561801854748
-1.44093978681778
0.910534269370745
-0.374146826722096
0.558418110900701
1.04497929765763
-0.00741636245297263
1.64692451063265
-2.89511594093518
1.33475743567267
-1.24834484258177
-1.60802645020445
1.2868910876517
-0.745057343888671
0.694561895409565
1.24477284699875
-0.220903930755988
1.81869475992682
-3.45357844799325
0.995989509963134
-0.672915835470468
-1.16424675299166
0.759062842960203
-0.512442391117121
0.477006127953325
0.885250758695968
-0.130891751726907
1.22777901301572
-2.17489970211616
0.862205455589562
-0.386481186848538
-0.969400362773743
0.408400464471301
-0.536019031089053
0.409399253019802
0.5841373531598
0.00141995591919505
0.711687895557833
-1.32979831345703
0.65187599603412
-0.0867114760767935
-0.355523822348332
0.188979657323858
-0.244670309123708
0.321538658497554
0.515087750908065
-0.0613100826920895
0.097409046222004
-0.651461414978355
0.612507044764508
0.0584893384695621
-0.282653924323855
0.118753350964523
-0.010447539008048
0.332480596152048
0.483320345677776
-0.129901659588366
0.00109067859430662
-0.537668683527063
0.308659492224603
0.0141754030055087
-0.142332610160544
-0.187060078161669
0.0330317961220459
0.457484118773963
0.296514345817588
-0.106572030251837
0.197483467717894
-0.31272088821475
0.44795856206915
-0.0760440459681971
-0.393677342577869
-0.166354434797526
-0.183975913518948
0.519261858775865
0.429431101474077
-0.103562502339437
0.513126217191419
-0.473153245112689
0.66343837636477
-0.201749411631964
-0.629282716673623
0.0547731063382893
-0.50824176045158
0.581263716426985
0.638630276720355
-0.050334888905111
0.723877839350968
-0.85500170051851
0.707254268433891
-0.459495419426432
-0.806583498776711
0.231943259212739
-0.448719264748641
0.621271133297204
0.811472220358893
-0.138125191283575
0.946543488477583
-1.04624542724888
0.479382495950095
-0.468574354841022
-0.599048587028935
0.303157568478486
-0.508734209912769
0.51420092698275
0.633860689937737
-0.14381179818922
1.01687775211238
-0.693402164814359
0.806651492248438
-0.817086329228159
-1.00991507682778
0.682409023068447
-0.630191696823578
0.450227781419782
1.08017282550112
-0.105063974230375
1.13039524806097
-1.47706569894962
