"x"
-6.44453824238051
-0.136189705378566
-7.16499787607984
-0.0158107268306216
-6.03610178375239
-0.0116049322919187
1.54990684557987
-0.00891956308595869
5.33035925229505
-0.00721321105962543
10.3877487381143
-0.00381015673947502
15.5908578569197
-0.00286190217674152
17.7344347150304
-0.00260546850078851
17.7381290574089
-0.00294193862096949
13.1175235281384
-0.00344525910910021
7.46553043186685
-0.00370605203969229
3.13207330218386
-0.00620501251078336
-5.79558668851691
-0.0130612388717147
129.97734715176
-0.01247430298343
-0.01247430298343
98.504522157928
4.36534589914543
1.87443747551407
0.0746448659149464
3.22519143010278
1.93750125769057
0.0916891869414448
3.43599325669498
1.68040257743276
0.0892785288006416
3.21172959716869
1.68053386178075
0.0915862622849229
3.13401277814804
1.64420182897451
0.0914238138220324
3.0326823574105
1.65772938861668
0.0927009211002885
3.02448142018906
1.66541888948311
0.0933975375534396
3.04169676661217
1.63198904215411
0.0914816598090552
3.02265930364749
1.65406659496578
0.0925773414452982
3.03164816050208
1.6539587527815
0.0921282240914389
3.07480987092644
1.75982105877941
0.0924260370843833
3.3729895740524
2.05913483676528
0.0909934252739579
0.868738047712443
-1.10104537385116
-1.49988724418437
0.799831213848504
-0.382823224769654
0.489742002527596
0.95413835902436
-0.0835443024113864
1.63183227199202
-2.91934122754199
1.45272141849212
-1.2425563612806
-1.62962924198912
1.11160926931726
-0.739740137792375
0.569827778299033
1.11785340081644
-0.358902429697289
1.83656521545719
-3.48367821547326
1.1936235856982
-0.643010257483691
-1.16409906424876
0.493941524907212
-0.48878608031276
0.252164875540659
0.675944807873145
-0.343540824648216
1.31722755840549
-2.20697885845722
1.18606704768944
-0.297341188576691
-0.916046911561681
0.0939714435482817
-0.459435956959926
0.169290452424214
0.340585748954536
-0.234107574311666
0.869197456026341
-1.32362234687075
1.07466250508954
0.0408702625786606
-0.289200229829222
-0.212403191701729
-0.159143818848068
0.0392689468361548
0.191349273167705
-0.362826200153678
0.305915788466282
-0.64609286938853
1.11821856235722
0.207632362200798
-0.212159750544102
-0.296676078526724
0.116462462177095
0.021488646747463
0.169524532243934
-0.465274482302198
0.273255637871226
-0.514976174875092
0.877605625854965
0.187223318545506
-0.0282483950708947
-0.631869794522624
0.195441738573957
0.134850067980248
-0.028169339158452
-0.459462909003478
0.493263335120071
-0.268149918993467
1.03904724190249
0.107197397973417
-0.277893674813234
-0.628880572825694
-0.00179673316756528
0.193079621011378
0.0696575681729202
-0.48689615461171
0.834635647283096
-0.442561055091748
1.26589489348357
-0.036281513567253
-0.519267335693557
-0.445215328906089
-0.332773947038805
0.209372182978678
0.247377777450242
-0.477977086085693
1.02267254808263
-0.813896478655073
1.29831120998318
-0.31147463514244
-0.715750675456792
-0.338075513499537
-0.295155067394891
0.201702413284358
0.371566358820015
-0.603655191829507
1.23098155695482
-1.04108561378561
1.06799783905053
-0.338412661948007
-0.527280106775607
-0.283129445238236
-0.369908716136684
0.0538959236761156
0.179425773966447
-0.657490766166852
1.26983884986313
-0.719459198845321
1.39192665370537
-0.697371119271046
-0.925541972159507
0.0932136000212285
-0.493212876103883
-0.00884084327957359
0.60943508139436
-0.631793263030804
1.39387080727923
-1.49206448308517
