"x"
0.0924769126771577
0.0672684115308354
0.0652703605951428
0.000241461802305779
0.102008150645905
0.000382222320284474
0.140137288121114
0.000536550773747023
0.167217898589831
0.000653670684968548
0.192904464315908
0.000758702697936508
0.21363109449668
0.000844030680854222
0.235733248531773
0.000932879148154052
0.251863663951521
0.00099951580532929
0.269721214289658
0.00106258639339266
0.28236134846276
0.00109975745770943
0.293013229949701
0.00113171440232928
0.300205277948718
0.00114991695672391
0.497528101693235
0.305708948207133
0.305708948207133
0.384139951641471
0.0460059601167149
0.0130785671420018
0.0010765295420946
0.0239034970606448
0.0131915818277026
0.000856497547319802
0.0277210722325161
0.0104467399520838
0.000926734964704176
0.0297100827232854
0.00901379366715315
0.00101458714540328
0.0208785024464807
0.00957240625315657
0.000908937109637618
0.0205585833112204
0.00823242040977056
0.00089288810619357
0.0211394079615362
0.00906281293810634
0.000910409911738594
0.0207097383164924
0.00908590087557467
0.000942670046015384
0.0175096902690752
0.00775072611603771
0.000962884150732678
0.019466070713166
0.00949571075691784
0.000846963152704239
0.021498659865302
0.0105387044132595
0.00096205426106297
0.02423797502407
0.0142039209861547
0.000797823380799572
0.0627590768352952
0.0408679089986478
0.0406840455941705
0.0567396032845247
0.0393542863316522
0.0509236635103083
0.0511298188309817
0.05015273733456
0.0457712259003198
0.0370431731331102
0.101409523874704
0.0616516540637158
0.0595131886150502
0.0894245945709123
0.0617771401506488
0.0772875230258876
0.0794849504371493
0.0800468065134868
0.0716570759101045
0.0560206184678569
0.138081694777994
0.0835915308910319
0.080464253838233
0.124063847600813
0.0831772719044604
0.107249063465868
0.109831290290083
0.111705642060181
0.0970650306201763
0.0774128019216367
0.166450817378809
0.101072683135216
0.0976421048734801
0.154854164155878
0.0994165644990057
0.135961517839664
0.135765194034615
0.139446047425063
0.115622544592282
0.0954830255031064
0.191183152571801
0.116494736243813
0.112068009934712
0.180403012276787
0.116188165904038
0.157630055331505
0.159068572998121
0.162251321997206
0.133134718549954
0.109747102658957
0.211075828307429
0.129015273687817
0.125706734611615
0.202449028841243
0.129811017133435
0.176808864072431
0.179653151075152
0.181591007899783
0.14883117999228
0.123043223951333
0.232509122294523
0.140131147613438
0.136297731392262
0.221449743304215
0.141139057033676
0.193686752384147
0.195365408691656
0.198013146024172
0.162825074541862
0.132877408955617
0.251294988576423
0.148018855692671
0.144031850527008
0.235078127606992
0.148297516516025
0.205415502817177
0.206430862744045
0.210877912714645
0.173954309611726
0.138841510485812
0.267995863938575
0.157953575030458
0.152417956997107
0.246009827103576
0.15693504777851
0.215043649271087
0.216628668909411
0.220094506821629
0.1847730215193
0.145987438712577
0.280978048703242
0.164568226879545
0.158750965368011
0.25325745360508
0.163838467326769
0.220059859100252
0.221311908326401
0.225567631752398
0.194092817325418
0.152241162228575
0.290663028280048
0.171291115778959
0.164696204090305
0.258057596397185
0.170709284422685
0.224800843170299
0.226571897827959
0.231117933238535
0.201454715456859
0.1580728515238
0.297281503672845
0.17587663520859
0.167349974509706
0.259973539560945
0.174627903560844
0.225953514652873
0.228613588050983
0.234027226105999
0.206194067402888
0.161473970778658
