"n" "ess.old" "ess.new"
10 19565.4844144502 13188.1516712709
10 20000 19630.3948604383
10 876.46786759502 696.059437940373
10 913.661543745792 735.023713390839
10 527.98856232893 420.645582289408
10 542.903287029418 433.633658050446
10 403.405339508413 301.18985921983
10 401.724008573772 299.407886379738
10 360.012399932232 260.633079608179
10 356.138739266995 253.776684370322
10 331.146450748004 234.793476811508
10 324.855609386817 228.255672872207
10 314.83930985422 219.984064591144
10 308.064053574253 215.441180515073
10 302.73762417209 208.979156791834
10 296.566854288473 206.836222906129
10 293.967689099726 200.506643771918
10 288.486011491248 200.272119203315
10 287.263148656025 192.13517423223
10 283.444811403153 194.793020887352
10 286.878204629725 192.125910829341
10 283.273715626516 194.408030318396
10 289.987147620181 194.801210867888
10 287.642691226391 198.342567018087
10 304.660858262936 204.938351391615
10 303.695631270919 211.085307433805
10 17315.4227067667 16647.6940794536
10 18043.592350827 15348.5564845764
10 18043.592350827 15348.5564845764
10 17619.0760536052 16750.2595455045
10 4876.23390072546 2690.16192680963
10 8366.89374414955 7270.56607427331
10 3320.12727638218 2712.29201469993
10 8188.45705372293 5423.13108541483
10 8062.8351342125 7864.10604978636
10 4004.70228379542 4210.43091547474
10 6304.25434686324 5150.50182710919
10 9549.2057582401 8910.71559688327
10 3447.8767540717 3678.77519815816
10 7626.47830559076 3700.00525246609
10 9295.3152557558 10933.4070195637
10 3863.16974312702 3052.84587334227
10 7565.91357183002 7292.82753487019
10 9043.85562215279 9627.04268932156
10 3728.46775652741 3781.71071693286
10 6857.32149716503 7203.20484405193
10 10231.1667455681 12232.5738095916
10 3507.88513465032 3870.85848973424
10 7916.97156751434 6570.40745189541
10 9777.91964054215 10338.3064913575
10 3875.91898334906 3710.20055277079
10 7862.56079601069 6422.02613903907
10 9650.35433409216 10535.5662033082
10 3626.74838949519 3531.17095809147
10 8484.72841374533 9181.73925196622
10 9975.76944246561 14247.9689290749
10 3809.57344336516 3346.55483443657
10 8931.91794272799 6905.74706539204
10 9901.61177338875 9948.00156187144
10 4062.54622064699 4275.80160996896
10 7327.55520401866 6761.90861894594
10 9418.4585756599 10002.8246220921
10 3715.98148597844 3367.4509751303
10 8071.86085597486 6342.14564094797
10 7758.82984345293 8146.38601833787
10 3807.75366339651 4801.04585624142
10 823.248559366016 653.739574317136
10 1732.67610163383 910.428789683126
10 2321.75012307629 933.887565594311
10 1060.20069324787 687.057328501776
10 1809.84514813756 972.001105448004
10 1145.23273798441 745.579363286546
10 1312.08162094042 750.966035648485
10 1263.9237000963 749.483996103308
10 1240.23659623605 847.213631358639
10 2252.46664770571 1139.37567882657
10 504.623437109447 394.29391119857
10 855.952243206528 544.965718813512
10 804.41694708973 554.714742609658
10 548.654478854974 415.633369791442
10 984.645886016409 534.946739582113
10 648.117305795664 458.515757574454
10 586.491270762473 439.02363909587
10 578.951044716874 435.129030876038
10 685.273190637318 475.373957847759
10 1359.73821351528 623.354482953247
10 395.168959882625 294.572932584271
10 503.335216627577 365.498228881192
10 515.055307299203 374.540503944699
10 409.500088350394 293.002111022366
10 504.398349783542 368.205799616552
10 437.628176120016 312.268992578064
10 590.027778406522 305.751805344388
10 422.454158571777 300.189596610023
10 452.719914786696 330.51999416449
10 551.919543915561 388.006357567095
10 351.218629551862 253.988991770993
10 423.571048304669 299.243293780451
10 428.47672510375 302.351946159026
10 350.645938399209 241.494349321562
10 425.455508975891 302.483166526159
10 367.048126610159 252.629249351393
10 368.313407757928 253.034984257573
10 359.212745225813 248.737980593788
10 396.24702311433 283.423541006572
10 430.944819045534 302.274313450609
10 325.237754196657 230.686286886576
10 380.8270840576 265.067701229458
10 382.936213993121 265.745489341716
10 319.569524626953 217.068011989792
10 379.27907807855 261.607885015676
10 333.081523784187 226.066540549322
10 332.173872506002 225.296614450269
10 327.984162750329 222.893769410705
10 362.367885646175 252.979819821417
10 388.260862426983 266.295900975735
10 310.38148470636 217.106030213949
10 354.668892084716 241.302893646048
10 356.987822914964 241.437328043827
10 303.261747002055 205.704031117315
10 351.766836729697 238.258246239101
10 312.307648715568 211.309205598938
10 311.912845768616 210.373282583521
10 309.841034320449 209.971706250273
10 335.644735261558 230.533687709957
10 355.441865343579 238.063287751305
10 299.063383709878 206.036622540807
10 337.882479323185 225.393089905237
10 341.209069776469 226.240992720624
10 292.119647739521 197.780651680019
10 335.421157697201 222.971357416806
10 299.293718469954 201.299002729702
10 298.684077601825 200.195478008402
10 298.284240766792 201.700525276514
10 321.347518570652 216.882837743572
10 340.713981851545 224.243320588116
10 289.853198376487 196.335275299791
10 325.870464495641 215.948917261829
10 329.517258013955 217.531946970444
10 285.938959588283 195.301495201281
10 326.661621485589 216.150074883274
10 292.652510092572 198.362055468178
10 292.075321018209 198.07518732561
10 291.202782551424 197.765849207568
10 311.242998120387 207.989827358782
10 331.836414938734 219.006782527776
10 284.417668591499 189.821590633295
10 317.016877281895 208.698887918779
10 318.611495174522 209.252622151727
10 282.911425458404 194.984270413901
10 318.083301581479 208.713822846585
10 288.084408326591 197.533406834732
10 288.249589789354 197.337315421771
10 287.594795956658 196.887299080726
10 302.993154773669 199.64092892797
10 322.748912483262 212.745948430513
10 284.841134454239 189.961052584617
10 314.604832760752 209.496629913241
10 317.555748769773 211.007479408762
10 282.793370868023 195.459061302816
10 315.227890332675 208.991807544692
10 289.094344764703 199.292237652634
10 289.365323285041 199.664151364383
10 287.679064572425 198.622450990204
10 301.500378587452 199.431075963501
10 320.053378857658 212.964466412319
10 288.584557781376 193.397058472764
10 317.81416450308 212.056071430301
10 321.571096720097 215.579400217591
10 288.427716281478 201.291631577658
10 316.447554734369 210.713762923333
10 294.331163459753 205.608877922568
10 294.031798012362 204.785537257836
10 292.237994575294 204.460287147363
10 305.895254419307 203.811312120188
10 325.903933154557 217.86743295292
10 305.248690841984 205.487517068675
10 345.595325756869 229.720002284959
10 349.564832725294 233.881795001504
10 309.378481019652 217.816335829688
10 345.868628389241 230.024852502114
10 316.887685654517 224.260771891473
10 316.836038158458 222.808250356747
10 313.471418981552 221.616171016639
10 327.401890768936 217.880939638094
10 355.609649694468 239.026328924006
