"x"
10.6200188856039
9.4248769783132
1.72202390208899
0.00654634837377439
2.0921510669297
0.00795934879225309
2.43205774164749
0.00928415629914588
2.69958825006483
0.0104132157883221
2.95586974251787
0.0114625810199695
3.16854643863724
0.0123886103542818
3.40778610131752
0.0134164830085902
3.56639876431757
0.0141449010166345
3.73868215851548
0.014830334502419
3.91379628777779
0.0153339490461492
4.08962093977956
0.0159384031457381
4.29763910255181
0.0167068849083641
64.1940327067062
37.8740649198809
37.8740649198809
49.7164657375482
2.38618059483473
1.11517822064408
0.0560653031672191
1.76029920794617
1.1698267728419
0.0555762701060459
1.98945810170488
0.986136594519673
0.0562091701672679
1.80719506234513
0.942508705966749
0.0560585415960046
1.78298346810314
0.93922051605996
0.0558956469429887
1.74484184050615
0.910513654656766
0.0555521261414209
1.71351918518157
0.921483827602072
0.0554543565180167
1.65962758891365
0.93260327176229
0.056016901056922
1.67780290303408
0.925164309371725
0.0557022849874055
1.61764652988247
0.947099047321652
0.0553825935686189
1.76785254218563
1.0540192701036
0.0558277607131997
1.93025390217031
1.28200801518479
0.0552808467375672
1.60464487946913
1.23312019110404
1.24328710364041
1.48724590954158
1.22694591929404
1.39048586746939
1.40114925937606
1.37301671276304
1.33226007062599
1.25037895013413
2.01367222126367
1.43922708921256
1.40167740881982
1.82310710667266
1.4288382642266
1.6549562661836
1.66543949854919
1.66975610511395
1.56234440051302
1.3986705889351
2.36991368060877
1.59810355410577
1.55722864384612
2.12363864840504
1.59606283295474
1.89521261962025
1.92048359056396
1.93540976422341
1.7646625296004
1.52486784902359
2.65273201762452
1.74842097583697
1.69782731819031
2.4064474092668
1.72905718414928
2.16101519255932
2.15962690712018
2.19926347118319
1.94652722721263
1.66007149907885
2.90375859375008
1.89663913850197
1.82689930596786
2.65791874047319
1.87926190886151
2.37004816624561
2.38760081156236
2.42235175599253
2.1175528777316
1.7909163625774
3.11010065976062
2.00411386662625
1.95326313418681
2.90360208128466
2.00371303381192
2.57017824157715
2.60573430641221
2.63132642915936
2.25975379163749
1.89847077249365
3.33743032501166
2.10380255092222
2.05009636766347
3.11434759542417
2.1075202219187
2.74802531340833
2.76423398385043
2.81220864189525
2.39791552330117
1.98980679179053
3.52113759017225
2.17516675980033
2.12432061683624
3.28522415227229
2.18027649744165
2.89309381525476
2.90529117760736
2.96556019307644
2.5087433818546
2.05469853968722
3.69233328776242
2.28186279485023
2.20481213480742
3.43520172092749
2.2672298476247
3.02236490990978
3.04313023538988
3.08828985020352
2.61073836794409
2.12934551924184
3.87261814354068
2.38196025385313
2.30603184175608
3.54070822862438
2.36853882280777
3.10660489542015
3.12719405158476
3.17900307693317
2.74098008544275
2.22170127365879
4.04217141066652
2.49436609123525
2.41817217355754
3.6612510385433
2.4780130733681
3.22343463008908
3.24231856765896
3.30474632564098
2.87601786783682
2.33320794111218
4.26148153795736
2.66567718077043
2.5593156932599
3.83684602588307
2.64850636324632
3.38373043284017
3.41246082213488
3.4839114537101
3.04358745539588
2.49646450612954
