"x"
-6.38043057977042
0.081404659431449
-7.09382408730755
-0.016514917139417
-5.94206867565839
-0.0127608719902319
1.58778344366044
-0.0102433231276122
5.31013733464816
-0.00851314923222645
10.3150127188283
-0.00506609886658501
15.4773830416257
-0.00404303158083282
17.4782022268682
-0.00358399116402692
17.4222209614832
-0.00393561571269593
12.7969156869384
-0.00462789580310082
7.12600022676075
-0.0049340616028005
2.76382160535927
-0.00742966608445946
-6.13527344973997
-0.0143737868915153
129.509647218895
-0.246683374724759
-0.246683374724759
99.407946367587
4.27595446613601
1.88414096772923
0.0764643989761953
3.17451582592579
1.9495769887815
0.0916805605938187
3.44354831083308
1.68833844922922
0.0891561424659223
3.20922226008879
1.67300818425417
0.0916253819752488
3.15552485620137
1.67858635776266
0.0896438397456652
3.04931974407821
1.64835548831699
0.0911585981376379
3.0453284981267
1.63969519501043
0.0913908401487687
3.01827047841499
1.63877817498973
0.0924283335319116
3.01964885133779
1.64110298869684
0.0926087802806319
2.99811002512633
1.6603147690637
0.0919542028653
3.05550521210293
1.76365057859526
0.0937112968546701
3.34684822407135
2.03759156229572
0.0937451467310521
0.802648760901253
-1.05384884308754
-1.4302247958796
1.00579210806402
-0.343818180887516
0.681285361410792
1.14752155146977
0.112904701743908
1.65960856303851
-2.83359180145457
1.3685159966424
-1.14132262477726
-1.52304422471828
1.46362623038338
-0.653066225909732
0.885487629105208
1.44837043884333
-0.0267817072800413
1.88269100980747
-3.33517322949973
1.16855718752839
-0.458609743864116
-0.980882260717275
0.96355378505573
-0.323281007673848
0.692148656955039
1.11701572909573
0.105065844920005
1.43073515502207
-1.97973012615901
1.21479584886012
-0.0706099643033214
-0.662458495833968
0.651606133370952
-0.238289512303222
0.65554367236376
0.838911432465274
0.26374366386222
1.03594119170146
-1.04311444383399
1.1513783852169
0.302468513757802
-0.00375610253844201
0.366298680430987
0.114933452413948
0.549379006438839
0.72022092082506
0.163754682773602
0.513542560289795
-0.332832781114758
1.23003742969559
0.500333158232874
0.128984782301283
0.303358866304813
0.42380365858338
0.566960865412407
0.705504537388896
0.0963133825631054
0.507910152978012
-0.158978074324135
1.11327015827703
0.5837077477153
0.400605556206874
0.0166137834615524
0.600849175874834
0.745081651230148
0.566960312263377
0.167596725691759
0.831781159160921
0.18404039923942
1.34453481431985
0.559211376305838
0.204200611127104
0.0828497519714739
0.469360141959872
0.858300236715186
0.742318182320438
0.210113857546423
1.24537210758976
0.0746232135884069
1.59055625007275
0.462031569695944
0.00238385431469469
0.344646679300338
0.174064796338732
0.951343514189271
0.988195239381185
0.27331147227522
1.48372443627902
-0.2578341503162
1.64143572740876
0.229202914482972
-0.157070730883704
0.513620273695567
0.214848671045599
0.980519211672824
1.13926728544078
0.187194638664765
1.72542670052956
-0.456928102948739
1.43946851658268
0.208888733262338
0.04183694352582
0.587846767377695
0.146506395176302
0.855346577300491
0.983727619112433
0.160404414357183
1.80405202822355
-0.101634865342853
1.72670927333219
-0.143554267017278
-0.377919182536232
0.966606937758653
0.0304651402689249
0.767029989871378
1.42585465141665
0.196770853266705
1.909366096379
-0.886017468779976
